export default {
  "asset": {
    "version": "2.0",
    "generator": "THREE.GLTFExporter"
  },
  "scenes": [
    {
      "nodes": [
        454
      ],
      "name": "Scene"
    }
  ],
  "scene": 0,
  "nodes": [
    {
      "matrix": [
        0.797794165279571,
        -0.3255531324683856,
        0.5074836231701411,
        0,
        0.3005150348288567,
        0.9444005855944857,
        0.13341007372234948,
        0,
        -0.5226998983046418,
        0.04607268028684149,
        0.8512708878162714,
        0,
        -550.0655307188663,
        158.35654593701523,
        -118.24247143481807,
        1
      ],
      "name": "Editeur_Cinema_4D",
      "extras": {
        "transformData": {
          "eulerOrder": "ZYX",
          "translation": [
            -550.0655307188663,
            158.35654593701523,
            -118.24247143481807
          ],
          "rotation": [
            2.7424562303079645,
            -15.650635943804382,
            -10.068698216950908
          ],
          "scale": [
            0.9999999999999998,
            0.9999999999999997,
            0.9999999999999997
          ],
          "parentMatrixWorld": {
            "elements": [
              1,
              0,
              0,
              0,
              0,
              1,
              0,
              0,
              0,
              0,
              1,
              0,
              0,
              0,
              0,
              1
            ]
          }
        }
      },
      "camera": 0
    },
    {
      "matrix": [
        0.9712417485534788,
        0.1468485319374025,
        0.18741658020199464,
        0,
        -0.02335875791346111,
        -0.7245830355347261,
        0.6887915454214161,
        0,
        0.2369469018483284,
        -0.6733609234898562,
        -0.700315095097462,
        0,
        -37.843002116092954,
        146.79329762428804,
        7.548508638406345,
        1
      ],
      "name": "bag_98_3",
      "extras": {
        "transformData": {
          "eulerOrder": "ZYX",
          "translation": [
            -37.843002116092954,
            146.79329762428804,
            7.548508638406345
          ],
          "rotation": [
            67.68975676085836,
            -2.519403264752585,
            7.92125071675903
          ],
          "scale": [
            1,
            1.0000000000000002,
            1.0000000000000002
          ],
          "parentMatrixWorld": {
            "elements": [
              1,
              0,
              0,
              0,
              0,
              1,
              0,
              0,
              0,
              0,
              1,
              0,
              0,
              0,
              0,
              1
            ]
          }
        }
      }
    },
    {
      "matrix": [
        0.5520660320328832,
        -0.8321554606453175,
        -0.05234869237763665,
        0,
        0.050553372298176726,
        0.09607350653095044,
        -0.9940896528443152,
        0,
        0.8322664554244338,
        0.5461567271956178,
        0.09510718434599048,
        0,
        -88.2416633506109,
        86.96521028257334,
        49.140685429618415,
        1
      ],
      "name": "bouteille_97_4",
      "extras": {
        "transformData": {
          "eulerOrder": "ZYX",
          "translation": [
            -88.2416633506109,
            86.96521028257334,
            49.140685429618415
          ],
          "rotation": [
            142.55322358263183,
            -65.33175448917919,
            -35.219923486818765
          ],
          "scale": [
            1.0000000000000004,
            1.0000000000000007,
            1.0000000000000004
          ],
          "parentMatrixWorld": {
            "elements": [
              1,
              0,
              0,
              0,
              0,
              1,
              0,
              0,
              0,
              0,
              1,
              0,
              0,
              0,
              0,
              1
            ]
          }
        }
      }
    },
    {
      "matrix": [
        -0.38191295307622125,
        -0.6387303923560058,
        -0.6679565720564048,
        0,
        0.777390414495419,
        0.16883944549268845,
        -0.6059351327463708,
        0,
        0.49980660232057844,
        -0.7506775123356663,
        0.4320609132405924,
        0,
        -1.734641636386704,
        97.73427129593642,
        -90.9475078330859,
        1
      ],
      "name": "bag_98_6",
      "extras": {
        "transformData": {
          "eulerOrder": "ZYX",
          "translation": [
            -1.734641636386704,
            97.73427129593642,
            -90.9475078330859
          ],
          "rotation": [
            -66.01070640558589,
            -25.78524588160658,
            127.04418510574641
          ],
          "scale": [
            1,
            1,
            0.9999999999999999
          ],
          "parentMatrixWorld": {
            "elements": [
              1,
              0,
              0,
              0,
              0,
              1,
              0,
              0,
              0,
              0,
              1,
              0,
              0,
              0,
              0,
              1
            ]
          }
        }
      }
    },
    {
      "matrix": [
        0.5356663044828421,
        0.8443605538247799,
        -0.010810429519987898,
        0,
        -0.5255735314369885,
        0.3233515246411876,
        -0.7869029511731882,
        0,
        -0.6609342427916323,
        0.4271990714607546,
        0.6169820743332182,
        0,
        -119.94476783752225,
        58.431453611026356,
        76.18642677739166,
        1
      ],
      "name": "bouteille_97_7",
      "extras": {
        "transformData": {
          "eulerOrder": "ZYX",
          "translation": [
            -119.94476783752225,
            58.431453611026356,
            76.18642677739166
          ],
          "rotation": [
            -19.427401512326274,
            83.797841395147,
            -145.2671946673928
          ],
          "scale": [
            1.0000000000000002,
            1.0000000000000002,
            1
          ],
          "parentMatrixWorld": {
            "elements": [
              1,
              0,
              0,
              0,
              0,
              1,
              0,
              0,
              0,
              0,
              1,
              0,
              0,
              0,
              0,
              1
            ]
          }
        }
      }
    },
    {
      "matrix": [
        0.8938827809568206,
        0.4339879913797069,
        0.11237436205429298,
        0,
        -0.42519290050565184,
        0.9001792780934189,
        -0.09427759357770688,
        0,
        -0.1420724155791431,
        0.03649233658482038,
        0.9891833693012064,
        0,
        -40.71162454700853,
        105.7358496852752,
        -34.4257465757078,
        1
      ],
      "name": "Bidon_96_8",
      "extras": {
        "transformData": {
          "eulerOrder": "ZYX",
          "translation": [
            -40.71162454700853,
            105.7358496852752,
            -34.4257465757078
          ],
          "rotation": [
            -31.504507727300368,
            19.613244200715584,
            -171.402117895231
          ],
          "scale": [
            1.0000000000000007,
            1.0000000000000007,
            0.9999999999999999
          ],
          "parentMatrixWorld": {
            "elements": [
              1,
              0,
              0,
              0,
              0,
              1,
              0,
              0,
              0,
              0,
              1,
              0,
              0,
              0,
              0,
              1
            ]
          }
        }
      }
    },
    {
      "matrix": [
        0.9863207884773163,
        0.11918437195797535,
        -0.11387004741576484,
        0,
        -0.14449636770886645,
        0.29272214206219793,
        -0.9452166668364792,
        0,
        -0.07932277060484987,
        0.9487406563584708,
        0.30593964279914587,
        0,
        -147.5594483114048,
        19.312391483534096,
        90.86937564281645,
        1
      ],
      "name": "bag_98_9",
      "extras": {
        "transformData": {
          "eulerOrder": "ZYX",
          "translation": [
            -147.5594483114048,
            19.312391483534096,
            90.86937564281645
          ],
          "rotation": [
            142.36211484417316,
            13.623606356249141,
            -6.752314209718399
          ],
          "scale": [
            1.0000000000000002,
            1.0000000000000009,
            1.0000000000000007
          ],
          "parentMatrixWorld": {
            "elements": [
              1,
              0,
              0,
              0,
              0,
              1,
              0,
              0,
              0,
              0,
              1,
              0,
              0,
              0,
              0,
              1
            ]
          }
        }
      }
    },
    {
      "matrix": [
        -0.4023580508314645,
        -0.07590523998728387,
        0.912330199803546,
        0,
        -0.2476687036165316,
        0.9684209187047881,
        -0.02865549622465611,
        0,
        -0.8813445479379863,
        -0.23748540746211652,
        -0.40845130561982707,
        0,
        -167.21388713324328,
        25.980152284959704,
        66.12698719039577,
        1
      ],
      "name": "bouteille_97_10",
      "extras": {
        "transformData": {
          "eulerOrder": "ZYX",
          "translation": [
            -167.21388713324328,
            25.980152284959704,
            66.12698719039577
          ],
          "rotation": [
            -155.30375264019088,
            54.76428644690453,
            -153.78029914732025
          ],
          "scale": [
            0.9999999999999997,
            1.0000000000000002,
            1.0000000000000004
          ],
          "parentMatrixWorld": {
            "elements": [
              1,
              0,
              0,
              0,
              0,
              1,
              0,
              0,
              0,
              0,
              1,
              0,
              0,
              0,
              0,
              1
            ]
          }
        }
      }
    },
    {
      "matrix": [
        -0.662957170578578,
        -0.6491368802326842,
        -0.37297332438154934,
        0,
        0.44719351486986003,
        0.0561857480190637,
        -0.8926707802868187,
        0,
        0.6004213106117959,
        -0.7585937466400025,
        0.25304105856935,
        0,
        -154.49566625117774,
        13.240339503097374,
        -75.56952454062298,
        1
      ],
      "name": "Bidon_96_11",
      "extras": {
        "transformData": {
          "eulerOrder": "ZYX",
          "translation": [
            -154.49566625117774,
            13.240339503097374,
            -75.56952454062298
          ],
          "rotation": [
            -27.251172568245018,
            34.39217962249597,
            -60.45440471377077
          ],
          "scale": [
            1,
            0.9999999999999998,
            1
          ],
          "parentMatrixWorld": {
            "elements": [
              1,
              0,
              0,
              0,
              0,
              1,
              0,
              0,
              0,
              0,
              1,
              0,
              0,
              0,
              0,
              1
            ]
          }
        }
      }
    },
    {
      "matrix": [
        0.7887181846851774,
        0.3246053029517082,
        0.5220680247271888,
        0,
        -0.21295429037993507,
        0.9409140661502532,
        -0.2633081660894238,
        0,
        -0.5766923749762064,
        0.0964993130350006,
        0.8112421261424216,
        0,
        -26.5966156197781,
        41.60496527043517,
        125.85428780162205,
        1
      ],
      "name": "bag_98_12",
      "extras": {
        "transformData": {
          "eulerOrder": "ZYX",
          "translation": [
            -26.5966156197781,
            41.60496527043517,
            125.85428780162205
          ],
          "rotation": [
            -134.3501074831907,
            31.524936340224734,
            157.28589200140144
          ],
          "scale": [
            1.0000000000000002,
            1,
            1.0000000000000004
          ],
          "parentMatrixWorld": {
            "elements": [
              1,
              0,
              0,
              0,
              0,
              1,
              0,
              0,
              0,
              0,
              1,
              0,
              0,
              0,
              0,
              1
            ]
          }
        }
      }
    },
    {
      "matrix": [
        0.19554932396682517,
        -0.40818672057142513,
        -0.8917085078910392,
        0,
        -0.6589908978543589,
        0.6186929279808857,
        -0.4277266152714192,
        0,
        0.7262860720413301,
        0.6712694406984311,
        -0.14800634967187182,
        0,
        -11.95979724778165,
        118.54244767713149,
        34.825373731901564,
        1
      ],
      "name": "bouteille_97_13",
      "extras": {
        "transformData": {
          "eulerOrder": "ZYX",
          "translation": [
            -11.95979724778165,
            118.54244767713149,
            34.825373731901564
          ],
          "rotation": [
            136.00776516450546,
            -30.670289794959267,
            -98.98647356883814
          ],
          "scale": [
            1.0000000000000004,
            1.0000000000000002,
            1.0000000000000004
          ],
          "parentMatrixWorld": {
            "elements": [
              1,
              0,
              0,
              0,
              0,
              1,
              0,
              0,
              0,
              0,
              1,
              0,
              0,
              0,
              0,
              1
            ]
          }
        }
      }
    },
    {
      "matrix": [
        0.6703674220630219,
        -0.6406299324648633,
        -0.3744339849247691,
        0,
        0.5837693249680315,
        0.7668222521337572,
        -0.2668276763360228,
        0,
        0.4580621078663316,
        -0.039710493104176604,
        0.8880327595727968,
        0,
        -151.41771768620288,
        46.97003910619921,
        -33.87784130017989,
        1
      ],
      "name": "Bidon_96_14",
      "extras": {
        "transformData": {
          "eulerOrder": "ZYX",
          "translation": [
            -151.41771768620288,
            46.97003910619921,
            -33.87784130017989
          ],
          "rotation": [
            -65.60902903950313,
            -27.723103530552454,
            168.62238347426828
          ],
          "scale": [
            0.9999999999999998,
            1,
            1.0000000000000002
          ],
          "parentMatrixWorld": {
            "elements": [
              1,
              0,
              0,
              0,
              0,
              1,
              0,
              0,
              0,
              0,
              1,
              0,
              0,
              0,
              0,
              1
            ]
          }
        }
      }
    },
    {
      "matrix": [
        -0.30680281792238173,
        0.32089378460483436,
        0.8960464329022638,
        0,
        -0.7598079141923105,
        0.4844109725578136,
        -0.43363342029452073,
        0,
        -0.5732049933885928,
        -0.8138631264946085,
        0.09519898574461691,
        0,
        -34.24293040432998,
        105.59476386398569,
        -72.16921575966134,
        1
      ],
      "name": "bag_98_15",
      "extras": {
        "transformData": {
          "eulerOrder": "ZYX",
          "translation": [
            -34.24293040432998,
            105.59476386398569,
            -72.16921575966134
          ],
          "rotation": [
            -92.45108223269958,
            27.774981500097336,
            -124.32746694002111
          ],
          "scale": [
            0.9999999999999998,
            1.0000000000000004,
            0.9999999999999999
          ],
          "parentMatrixWorld": {
            "elements": [
              1,
              0,
              0,
              0,
              0,
              1,
              0,
              0,
              0,
              0,
              1,
              0,
              0,
              0,
              0,
              1
            ]
          }
        }
      }
    },
    {
      "matrix": [
        0.6926452370570472,
        -0.7151152494144158,
        -0.09408908351740035,
        0,
        -0.2661685830411759,
        -0.13217751452240692,
        -0.9548211298753981,
        0,
        0.6703706892339785,
        0.6863958658890921,
        -0.281893338527756,
        0,
        -71.58884532022107,
        87.41029928730097,
        57.73762825665096,
        1
      ],
      "name": "bouteille_97_16",
      "extras": {
        "transformData": {
          "eulerOrder": "ZYX",
          "translation": [
            -71.58884532022107,
            87.41029928730097,
            57.73762825665096
          ],
          "rotation": [
            129.72199583531938,
            -42.029527053534466,
            -29.512914534056787
          ],
          "scale": [
            0.9999999999999999,
            1.0000000000000002,
            0.9999999999999999
          ],
          "parentMatrixWorld": {
            "elements": [
              1,
              0,
              0,
              0,
              0,
              1,
              0,
              0,
              0,
              0,
              1,
              0,
              0,
              0,
              0,
              1
            ]
          }
        }
      }
    },
    {
      "matrix": [
        0.736130121409048,
        -0.467972155040561,
        -0.4889933603444873,
        0,
        0.08792127560571983,
        0.7824582998442449,
        -0.6164648070252806,
        0,
        0.6711052776205559,
        0.41080539323571064,
        0.6171358320809852,
        0,
        -31.866081915054558,
        52.111540405859614,
        113.04187704048203,
        1
      ],
      "name": "Bidon_96_17",
      "extras": {
        "transformData": {
          "eulerOrder": "ZYX",
          "translation": [
            -31.866081915054558,
            52.111540405859614,
            113.04187704048203
          ],
          "rotation": [
            -166.69170995641457,
            -46.45529552726887,
            -102.68263673123064
          ],
          "scale": [
            1.0000000000000002,
            0.9999999999999998,
            1.0000000000000002
          ],
          "parentMatrixWorld": {
            "elements": [
              1,
              0,
              0,
              0,
              0,
              1,
              0,
              0,
              0,
              0,
              1,
              0,
              0,
              0,
              0,
              1
            ]
          }
        }
      }
    },
    {
      "matrix": [
        0.655298418996117,
        0.22845331180728928,
        -0.7199951849738098,
        0,
        0.7538667870106259,
        -0.25789862939039015,
        0.604295593563972,
        0,
        -0.04763244171218493,
        -0.9387744038281182,
        -0.34122392825488596,
        0,
        -22.079382789901175,
        16.162158552565028,
        -163.0534367839115,
        1
      ],
      "name": "bag_98_18",
      "extras": {
        "transformData": {
          "eulerOrder": "ZYX",
          "translation": [
            -22.079382789901175,
            16.162158552565028,
            -163.0534367839115
          ],
          "rotation": [
            51.309256273121605,
            26.99328639235081,
            -6.016928118834941
          ],
          "scale": [
            0.9999999999999998,
            0.9999999999999997,
            0.9999999999999996
          ],
          "parentMatrixWorld": {
            "elements": [
              1,
              0,
              0,
              0,
              0,
              1,
              0,
              0,
              0,
              0,
              1,
              0,
              0,
              0,
              0,
              1
            ]
          }
        }
      }
    },
    {
      "matrix": [
        0.985058331449604,
        0.08260571388255418,
        0.15111710583410531,
        0,
        -0.09201226580144653,
        0.9941627412284095,
        0.056339922748435405,
        0,
        -0.14558099664381524,
        -0.06940273760572635,
        0.9869090299663007,
        0,
        -87.7440532059666,
        44.26602171115569,
        -75.01135830719328,
        1
      ],
      "name": "bouteille_97_19",
      "extras": {
        "transformData": {
          "eulerOrder": "ZYX",
          "translation": [
            -87.7440532059666,
            44.26602171115569,
            -75.01135830719328
          ],
          "rotation": [
            -124.11172262840178,
            -14.579336595530513,
            -141.8287288970061
          ],
          "scale": [
            1.0000000000000002,
            1.0000000000000004,
            1.0000000000000002
          ],
          "parentMatrixWorld": {
            "elements": [
              1,
              0,
              0,
              0,
              0,
              1,
              0,
              0,
              0,
              0,
              1,
              0,
              0,
              0,
              0,
              1
            ]
          }
        }
      }
    },
    {
      "matrix": [
        0.5060264148471642,
        0.6201287159159588,
        0.5994811449690053,
        0,
        -0.14282028243851122,
        0.7456847486751006,
        -0.6508122790156428,
        0,
        -0.8506113298099843,
        0.24371013784776296,
        0.46590313833361885,
        0,
        -76.33977340132758,
        43.8424125594,
        113.51811982405114,
        1
      ],
      "name": "Bidon_96_20",
      "extras": {
        "transformData": {
          "eulerOrder": "ZYX",
          "translation": [
            -76.33977340132758,
            43.8424125594,
            113.51811982405114
          ],
          "rotation": [
            -149.35544480954425,
            52.850485437870574,
            132.16868625331992
          ],
          "scale": [
            0.9999999999999999,
            0.9999999999999994,
            1.0000000000000004
          ],
          "parentMatrixWorld": {
            "elements": [
              1,
              0,
              0,
              0,
              0,
              1,
              0,
              0,
              0,
              0,
              1,
              0,
              0,
              0,
              0,
              1
            ]
          }
        }
      }
    },
    {
      "matrix": [
        -0.7700180135468464,
        0.36737203383418027,
        0.5216416850385966,
        0,
        -0.44885587768295215,
        0.2691299691207794,
        -0.8521135257643283,
        0,
        -0.4534320896042044,
        -0.8902847007994611,
        -0.042337827525494635,
        0,
        -81.23875567774176,
        105.73612469193155,
        -8.683980402671796,
        1
      ],
      "name": "bag_98_21",
      "extras": {
        "transformData": {
          "eulerOrder": "ZYX",
          "translation": [
            -81.23875567774176,
            105.73612469193155,
            -8.683980402671796
          ],
          "rotation": [
            -72.76805481982547,
            44.07598659268016,
            -117.94979719231215
          ],
          "scale": [
            0.9999999999999998,
            0.9999999999999998,
            0.9999999999999998
          ],
          "parentMatrixWorld": {
            "elements": [
              1,
              0,
              0,
              0,
              0,
              1,
              0,
              0,
              0,
              0,
              1,
              0,
              0,
              0,
              0,
              1
            ]
          }
        }
      }
    },
    {
      "matrix": [
        0.4129721946574093,
        0.8537649245361375,
        -0.31707951695378533,
        0,
        -0.8136271928823846,
        0.18941726164973202,
        -0.5496652544880816,
        0,
        -0.40922458069154827,
        0.4849809837724776,
        0.7728704211812656,
        0,
        2.4620127399869256,
        54.65912490027409,
        -13.415060828926098,
        1
      ],
      "name": "bouteille_97_22",
      "extras": {
        "transformData": {
          "eulerOrder": "ZYX",
          "translation": [
            2.4620127399869256,
            54.65912490027409,
            -13.415060828926098
          ],
          "rotation": [
            27.705633783094818,
            55.225082544978754,
            -119.33801514443348
          ],
          "scale": [
            0.9999999999999998,
            0.9999999999999997,
            1.0000000000000002
          ],
          "parentMatrixWorld": {
            "elements": [
              1,
              0,
              0,
              0,
              0,
              1,
              0,
              0,
              0,
              0,
              1,
              0,
              0,
              0,
              0,
              1
            ]
          }
        }
      }
    },
    {
      "matrix": [
        0.9367039672556947,
        -0.2588757725295146,
        -0.2357308043610146,
        0,
        0.22663569955070334,
        0.9615103336626598,
        -0.15535165898401085,
        0,
        0.26687438508895356,
        0.09209349953806813,
        0.9593210359031143,
        0,
        -153.54384096904505,
        58.949220168621196,
        46.32855116288799,
        1
      ],
      "name": "Bidon_96_23",
      "extras": {
        "transformData": {
          "eulerOrder": "ZYX",
          "translation": [
            -153.54384096904505,
            58.949220168621196,
            46.32855116288799
          ],
          "rotation": [
            -99.16915079974169,
            -34.14115050585442,
            -156.8835683113559
          ],
          "scale": [
            1.0000000000000007,
            1.0000000000000002,
            0.9999999999999999
          ],
          "parentMatrixWorld": {
            "elements": [
              1,
              0,
              0,
              0,
              0,
              1,
              0,
              0,
              0,
              0,
              1,
              0,
              0,
              0,
              0,
              1
            ]
          }
        }
      }
    },
    {
      "matrix": [
        0.17929959810753587,
        0.8488670211462412,
        0.4972689760368952,
        0,
        -0.4084890061327364,
        0.5240660649375275,
        -0.7473228829960882,
        0,
        -0.8949795450104798,
        -0.06913421722419111,
        0.44071768063198113,
        0,
        -140.51898763119257,
        59.53670619408718,
        37.82276230492249,
        1
      ],
      "name": "bag_98_24",
      "extras": {
        "transformData": {
          "eulerOrder": "ZYX",
          "translation": [
            -140.51898763119257,
            59.53670619408718,
            37.82276230492249
          ],
          "rotation": [
            -94.73777712093185,
            57.84293739066875,
            -178.02536905725051
          ],
          "scale": [
            0.9999999999999997,
            1.0000000000000002,
            1
          ],
          "parentMatrixWorld": {
            "elements": [
              1,
              0,
              0,
              0,
              0,
              1,
              0,
              0,
              0,
              0,
              1,
              0,
              0,
              0,
              0,
              1
            ]
          }
        }
      }
    },
    {
      "matrix": [
        0.6634189036313203,
        0.17706886953628917,
        0.7269951676220109,
        0,
        0.5649176133763424,
        -0.7556431639475523,
        -0.3314686996935155,
        0,
        0.4906561406950834,
        0.6305949763679325,
        -0.6013372825442755,
        0,
        -167.52564932275453,
        55.15398178045219,
        43.77034970943582,
        1
      ],
      "name": "bouteille_97_25",
      "extras": {
        "transformData": {
          "eulerOrder": "ZYX",
          "translation": [
            -167.52564932275453,
            55.15398178045219,
            43.77034970943582
          ],
          "rotation": [
            96.28516407220694,
            -11.97279578309867,
            38.337986157921605
          ],
          "scale": [
            0.9999999999999991,
            1,
            1.0000000000000002
          ],
          "parentMatrixWorld": {
            "elements": [
              1,
              0,
              0,
              0,
              0,
              1,
              0,
              0,
              0,
              0,
              1,
              0,
              0,
              0,
              0,
              1
            ]
          }
        }
      }
    },
    {
      "matrix": [
        -0.3682486052104539,
        -0.725543541994647,
        0.5813600720985381,
        0,
        0.5637301307563555,
        -0.6714904445822517,
        -0.4809458623505897,
        0,
        0.739324897753334,
        0.15062254646828957,
        0.6562861754276332,
        0,
        -139.92782580590102,
        23.442897063551335,
        -83.71660104156213,
        1
      ],
      "name": "Bidon_96_26",
      "extras": {
        "transformData": {
          "eulerOrder": "ZYX",
          "translation": [
            -139.92782580590102,
            23.442897063551335,
            -83.71660104156213
          ],
          "rotation": [
            20.367492734923953,
            -40.1036075521421,
            99.50599726315981
          ],
          "scale": [
            1,
            0.9999999999999998,
            1
          ],
          "parentMatrixWorld": {
            "elements": [
              1,
              0,
              0,
              0,
              0,
              1,
              0,
              0,
              0,
              0,
              1,
              0,
              0,
              0,
              0,
              1
            ]
          }
        }
      }
    },
    {
      "matrix": [
        -0.6796969342770127,
        0.6977560665511648,
        0.2261604499586001,
        0,
        -0.02546130379721439,
        0.28570325750282116,
        -0.9579798383375415,
        0,
        -0.7330510211052002,
        -0.6568942991405261,
        -0.17642584905081507,
        0,
        -171.48160253874715,
        52.609376508470156,
        2.715416006465116,
        1
      ],
      "name": "bag_98_27",
      "extras": {
        "transformData": {
          "eulerOrder": "ZYX",
          "translation": [
            -171.48160253874715,
            52.609376508470156,
            2.715416006465116
          ],
          "rotation": [
            -71.36374670076745,
            66.96170620831602,
            -129.5592575824379
          ],
          "scale": [
            0.9999999999999997,
            1,
            1.0000000000000002
          ],
          "parentMatrixWorld": {
            "elements": [
              1,
              0,
              0,
              0,
              0,
              1,
              0,
              0,
              0,
              0,
              1,
              0,
              0,
              0,
              0,
              1
            ]
          }
        }
      }
    },
    {
      "matrix": [
        0.8105809810184609,
        -0.03518370916638019,
        0.584568712659551,
        0,
        0.5134609793347967,
        0.5227352318722461,
        -0.6805186992728564,
        0,
        -0.2816314895598514,
        0.8517687385486535,
        0.44178469882911825,
        0,
        -146.7746989571943,
        -0.6508517775425646,
        91.50598694111127,
        1
      ],
      "name": "Bidon_96_29",
      "extras": {
        "transformData": {
          "eulerOrder": "ZYX",
          "translation": [
            -146.7746989571943,
            -0.6508517775425646,
            91.50598694111127
          ],
          "rotation": [
            133.1189472927435,
            -11.147072185894977,
            63.804390589885294
          ],
          "scale": [
            0.9999999999999999,
            1,
            1
          ],
          "parentMatrixWorld": {
            "elements": [
              1,
              0,
              0,
              0,
              0,
              1,
              0,
              0,
              0,
              0,
              1,
              0,
              0,
              0,
              0,
              1
            ]
          }
        }
      }
    },
    {
      "matrix": [
        0.6282745877594362,
        -0.7464217624868408,
        -0.21937546549636883,
        0,
        0.38594549326295136,
        0.05419273481907603,
        0.9209284574400153,
        0,
        -0.6755124858992076,
        -0.6632629191948449,
        0.32212603343319657,
        0,
        3.181638261409861,
        70.19150499841525,
        -112.04544583229135,
        1
      ],
      "name": "bag_98_30",
      "extras": {
        "transformData": {
          "eulerOrder": "ZYX",
          "translation": [
            3.181638261409861,
            70.19150499841525,
            -112.04544583229135
          ],
          "rotation": [
            36.68684533076326,
            -1.7244554797061251,
            -26.92757622843123
          ],
          "scale": [
            1,
            0.9999999999999999,
            0.9999999999999999
          ],
          "parentMatrixWorld": {
            "elements": [
              1,
              0,
              0,
              0,
              0,
              1,
              0,
              0,
              0,
              0,
              1,
              0,
              0,
              0,
              0,
              1
            ]
          }
        }
      }
    },
    {
      "matrix": [
        0.24038537922083747,
        0.08560498157244394,
        0.9668953700307161,
        0,
        -0.30877676895203743,
        -0.937617926598335,
        0.15977963160859499,
        0,
        0.9202563645052364,
        -0.3369635156087672,
        -0.19895681123345815,
        0,
        -110.30795563408977,
        51.02722261139893,
        -40.047130453092066,
        1
      ],
      "name": "bouteille_97_31",
      "extras": {
        "transformData": {
          "eulerOrder": "ZYX",
          "translation": [
            -110.30795563408977,
            51.02722261139893,
            -40.047130453092066
          ],
          "rotation": [
            56.569623747685064,
            -28.600900049006714,
            39.96735924013025
          ],
          "scale": [
            1.0000000000000002,
            0.9999999999999999,
            1.0000000000000002
          ],
          "parentMatrixWorld": {
            "elements": [
              1,
              0,
              0,
              0,
              0,
              1,
              0,
              0,
              0,
              0,
              1,
              0,
              0,
              0,
              0,
              1
            ]
          }
        }
      }
    },
    {
      "matrix": [
        0.3748778222428358,
        0.8192138190391994,
        0.4339992362731523,
        0,
        0.17134567906145923,
        -0.5212986679823802,
        0.8359954288312605,
        0,
        0.9111022317267348,
        -0.23903225191385064,
        -0.3357920575111289,
        0,
        -99.17109707856892,
        75.15273864662815,
        -28.421299337489742,
        1
      ],
      "name": "Bidon_96_32",
      "extras": {
        "transformData": {
          "eulerOrder": "ZYX",
          "translation": [
            -99.17109707856892,
            75.15273864662815,
            -28.421299337489742
          ],
          "rotation": [
            59.29371799750298,
            4.831032481627025,
            39.38628843408794
          ],
          "scale": [
            1.0000000000000002,
            0.9999999999999999,
            1.0000000000000002
          ],
          "parentMatrixWorld": {
            "elements": [
              1,
              0,
              0,
              0,
              0,
              1,
              0,
              0,
              0,
              0,
              1,
              0,
              0,
              0,
              0,
              1
            ]
          }
        }
      }
    },
    {
      "matrix": [
        0.4207989552052664,
        0.44283191526202836,
        0.7917247843307165,
        0,
        0.023818432082722996,
        0.8670625198462432,
        -0.49762965041384327,
        0,
        -0.9068411777104503,
        0.22825967997709692,
        0.354311440551214,
        0,
        -84.33065494305714,
        -0.5896069715173353,
        145.69120154716236,
        1
      ],
      "name": "bag_98_33",
      "extras": {
        "transformData": {
          "eulerOrder": "ZYX",
          "translation": [
            -84.33065494305714,
            -0.5896069715173353,
            145.69120154716236
          ],
          "rotation": [
            -169.3362617207428,
            42.54478201650381,
            137.88260355176104
          ],
          "scale": [
            0.9999999999999998,
            1,
            0.9999999999999998
          ],
          "parentMatrixWorld": {
            "elements": [
              1,
              0,
              0,
              0,
              0,
              1,
              0,
              0,
              0,
              0,
              1,
              0,
              0,
              0,
              0,
              1
            ]
          }
        }
      }
    },
    {
      "matrix": [
        0.9783071520544577,
        0.14316712447567526,
        0.14972738797047672,
        0,
        0.18677913929190496,
        -0.29697116972661913,
        -0.9364409631560228,
        0,
        -0.0896028423905758,
        0.9440928443858533,
        -0.31726965158199355,
        0,
        -9.77869855529534,
        69.55155745187518,
        94.33883670063916,
        1
      ],
      "name": "bouteille_97_34",
      "extras": {
        "transformData": {
          "eulerOrder": "ZYX",
          "translation": [
            -9.77869855529534,
            69.55155745187518,
            94.33883670063916
          ],
          "rotation": [
            125.76169908955603,
            3.8031824386962625,
            12.55744461091807
          ],
          "scale": [
            0.9999999999999998,
            1.0000000000000002,
            1.0000000000000002
          ],
          "parentMatrixWorld": {
            "elements": [
              1,
              0,
              0,
              0,
